[150]
a=2.11514338456425e-06
b=0.297079305471633
c= 547.3409
offset=1.8
[300]
a=-1.419e-6
b=0.1502
c=505.76
offset=1
[1200-1]
a=0
b=0.033
c=649.7961
offset=0.12
[1200-2]
a=0
b=0.03642
c=549.4396
offset=0.07
